100
0 9.626755
1 15.704933
2 10.349689
3 15.822543
4 21.973292
5 22.748645
6 28.220247
7 30.829964
8 31.306472
9 30.174470
10 31.863283
11 37.999847
12 36.118650
13 38.836621
14 49.431743
15 52.395733
16 49.628014
17 49.492562
18 50.659930
19 60.680004
20 59.891296
21 64.772381
22 64.673036
23 64.621478
24 69.690894
25 71.936472
26 78.680367
27 74.305125
28 82.756919
29 83.733976
30 81.127826
31 84.883674
32 89.438909
33 88.977515
34 95.706217
35 93.912201
36 101.726161
37 101.426464
38 109.742165
39 105.532633
40 111.600934
41 109.105448
42 118.532480
43 120.219585
44 117.942069
45 125.464223
46 127.615318
47 130.070084
48 134.956785
49 135.775248
50 135.750088
51 137.348081
52 140.547629
53 137.923124
54 146.969558
55 142.738524
56 149.859597
57 153.149926
58 152.043648
59 155.116516
60 156.883902
61 160.671475
62 165.000189
63 168.822811
64 169.648990
65 168.206406
66 177.735012
67 173.875150
68 179.632870
69 184.977177
70 184.407783
71 183.733805
72 194.082626
73 190.440263
74 198.953389
75 194.524695
76 195.904486
77 204.068707
78 209.594779
79 203.361270
80 209.843955
81 212.844866
82 215.709351
83 212.891585
84 220.767991
85 220.178909
86 220.630108
87 223.127587
88 233.328835
89 230.173757
90 233.244103
91 232.712736
92 240.845232
93 245.744292
94 246.535548
95 242.994221
96 253.950698
97 251.770560
98 251.869372
99 256.083569
